第一行： 杆件端点1 位置
第二行： 杆件端点2 位置
第三行： 抓夹点位姿


-675.686 -1036.02 -149.707
-648.453 -843.878 -183.852
-635.148 -749.998 -200.535 1.43 -2.96743 1.60899

-675.686 -1036.02 -149.707
-648.453 -843.878 -183.852
-635.148 -749.998 -200.535 1.43 -2.96743 1.60899

-675.686 -1036.02 -149.707
-648.453 -843.878 -183.852
-635.148 -749.998 -200.535 1.43 -2.96743 1.60899

-675.686 -1036.02 -149.707
-648.453 -843.878 -183.852
-635.148 -749.998 -200.535 1.43 -2.96743 1.60899

-675.686 -1036.02 -149.707
-648.453 -843.878 -183.852
-635.148 -749.998 -200.535 1.43 -2.96743 1.60899

